3 41 36 479 172 476 154 389 128 248 499 213 34 342 150 112 440 209 184 482 396 12 427 217 459 333 379 303 461 456 339 230 424 345 393 160 475 229 331 344 10 244 252 139 65 161 196 182 364 493 11 220 160 251 462 282 240 367 300 276 444 231 354 15 407 172 350 14 397 325 262 334 471 23 76 42 177 122 244 410 197 25 384 440 30 233 60 155 280 230 234 279 432 29 438 66 421 308 83 330 
3 10 36 479 172 476 154 389 128 248 499 213 34 342 150 112 440 209 184 482 396 12 427 217 459 333 379 303 461 456 339 230 424 345 393 160 475 229 331 344 41 244 252 139 65 161 196 182 364 493 11 220 160 251 462 282 240 367 300 276 444 231 354 15 407 172 350 14 397 325 262 334 471 23 76 42 177 122 244 410 197 25 384 440 30 233 60 155 280 230 234 279 432 29 438 66 421 308 83 330 
3 10 11 479 172 476 154 389 128 248 499 213 34 342 150 112 440 209 184 482 396 12 427 217 459 333 379 303 461 456 339 230 424 345 393 160 475 229 331 344 41 244 252 139 65 161 196 182 364 493 36 220 160 251 462 282 240 367 300 276 444 231 354 15 407 172 350 14 397 325 262 334 471 23 76 42 177 122 244 410 197 25 384 440 30 233 60 155 280 230 234 279 432 29 438 66 421 308 83 330 
3 10 11 12 172 476 154 389 128 248 499 213 34 342 150 112 440 209 184 482 396 479 427 217 459 333 379 303 461 456 339 230 424 345 393 160 475 229 331 344 41 244 252 139 65 161 196 182 364 493 36 220 160 251 462 282 240 367 300 276 444 231 354 15 407 172 350 14 397 325 262 334 471 23 76 42 177 122 244 410 197 25 384 440 30 233 60 155 280 230 234 279 432 29 438 66 421 308 83 330 
3 10 11 12 14 476 154 389 128 248 499 213 34 342 150 112 440 209 184 482 396 479 427 217 459 333 379 303 461 456 339 230 424 345 393 160 475 229 331 344 41 244 252 139 65 161 196 182 364 493 36 220 160 251 462 282 240 367 300 276 444 231 354 15 407 172 350 172 397 325 262 334 471 23 76 42 177 122 244 410 197 25 384 440 30 233 60 155 280 230 234 279 432 29 438 66 421 308 83 330 
3 10 11 12 14 15 154 389 128 248 499 213 34 342 150 112 440 209 184 482 396 479 427 217 459 333 379 303 461 456 339 230 424 345 393 160 475 229 331 344 41 244 252 139 65 161 196 182 364 493 36 220 160 251 462 282 240 367 300 276 444 231 354 476 407 172 350 172 397 325 262 334 471 23 76 42 177 122 244 410 197 25 384 440 30 233 60 155 280 230 234 279 432 29 438 66 421 308 83 330 
3 10 11 12 14 15 23 389 128 248 499 213 34 342 150 112 440 209 184 482 396 479 427 217 459 333 379 303 461 456 339 230 424 345 393 160 475 229 331 344 41 244 252 139 65 161 196 182 364 493 36 220 160 251 462 282 240 367 300 276 444 231 354 476 407 172 350 172 397 325 262 334 471 154 76 42 177 122 244 410 197 25 384 440 30 233 60 155 280 230 234 279 432 29 438 66 421 308 83 330 
3 10 11 12 14 15 23 25 128 248 499 213 34 342 150 112 440 209 184 482 396 479 427 217 459 333 379 303 461 456 339 230 424 345 393 160 475 229 331 344 41 244 252 139 65 161 196 182 364 493 36 220 160 251 462 282 240 367 300 276 444 231 354 476 407 172 350 172 397 325 262 334 471 154 76 42 177 122 244 410 197 389 384 440 30 233 60 155 280 230 234 279 432 29 438 66 421 308 83 330 
3 10 11 12 14 15 23 25 29 248 499 213 34 342 150 112 440 209 184 482 396 479 427 217 459 333 379 303 461 456 339 230 424 345 393 160 475 229 331 344 41 244 252 139 65 161 196 182 364 493 36 220 160 251 462 282 240 367 300 276 444 231 354 476 407 172 350 172 397 325 262 334 471 154 76 42 177 122 244 410 197 389 384 440 30 233 60 155 280 230 234 279 432 128 438 66 421 308 83 330 
3 10 11 12 14 15 23 25 29 30 499 213 34 342 150 112 440 209 184 482 396 479 427 217 459 333 379 303 461 456 339 230 424 345 393 160 475 229 331 344 41 244 252 139 65 161 196 182 364 493 36 220 160 251 462 282 240 367 300 276 444 231 354 476 407 172 350 172 397 325 262 334 471 154 76 42 177 122 244 410 197 389 384 440 248 233 60 155 280 230 234 279 432 128 438 66 421 308 83 330 
3 10 11 12 14 15 23 25 29 30 34 213 499 342 150 112 440 209 184 482 396 479 427 217 459 333 379 303 461 456 339 230 424 345 393 160 475 229 331 344 41 244 252 139 65 161 196 182 364 493 36 220 160 251 462 282 240 367 300 276 444 231 354 476 407 172 350 172 397 325 262 334 471 154 76 42 177 122 244 410 197 389 384 440 248 233 60 155 280 230 234 279 432 128 438 66 421 308 83 330 
3 10 11 12 14 15 23 25 29 30 34 36 499 342 150 112 440 209 184 482 396 479 427 217 459 333 379 303 461 456 339 230 424 345 393 160 475 229 331 344 41 244 252 139 65 161 196 182 364 493 213 220 160 251 462 282 240 367 300 276 444 231 354 476 407 172 350 172 397 325 262 334 471 154 76 42 177 122 244 410 197 389 384 440 248 233 60 155 280 230 234 279 432 128 438 66 421 308 83 330 
3 10 11 12 14 15 23 25 29 30 34 36 41 342 150 112 440 209 184 482 396 479 427 217 459 333 379 303 461 456 339 230 424 345 393 160 475 229 331 344 499 244 252 139 65 161 196 182 364 493 213 220 160 251 462 282 240 367 300 276 444 231 354 476 407 172 350 172 397 325 262 334 471 154 76 42 177 122 244 410 197 389 384 440 248 233 60 155 280 230 234 279 432 128 438 66 421 308 83 330 
3 10 11 12 14 15 23 25 29 30 34 36 41 42 150 112 440 209 184 482 396 479 427 217 459 333 379 303 461 456 339 230 424 345 393 160 475 229 331 344 499 244 252 139 65 161 196 182 364 493 213 220 160 251 462 282 240 367 300 276 444 231 354 476 407 172 350 172 397 325 262 334 471 154 76 342 177 122 244 410 197 389 384 440 248 233 60 155 280 230 234 279 432 128 438 66 421 308 83 330 
3 10 11 12 14 15 23 25 29 30 34 36 41 42 60 112 440 209 184 482 396 479 427 217 459 333 379 303 461 456 339 230 424 345 393 160 475 229 331 344 499 244 252 139 65 161 196 182 364 493 213 220 160 251 462 282 240 367 300 276 444 231 354 476 407 172 350 172 397 325 262 334 471 154 76 342 177 122 244 410 197 389 384 440 248 233 150 155 280 230 234 279 432 128 438 66 421 308 83 330 
3 10 11 12 14 15 23 25 29 30 34 36 41 42 60 65 440 209 184 482 396 479 427 217 459 333 379 303 461 456 339 230 424 345 393 160 475 229 331 344 499 244 252 139 112 161 196 182 364 493 213 220 160 251 462 282 240 367 300 276 444 231 354 476 407 172 350 172 397 325 262 334 471 154 76 342 177 122 244 410 197 389 384 440 248 233 150 155 280 230 234 279 432 128 438 66 421 308 83 330 
3 10 11 12 14 15 23 25 29 30 34 36 41 42 60 65 66 209 184 482 396 479 427 217 459 333 379 303 461 456 339 230 424 345 393 160 475 229 331 344 499 244 252 139 112 161 196 182 364 493 213 220 160 251 462 282 240 367 300 276 444 231 354 476 407 172 350 172 397 325 262 334 471 154 76 342 177 122 244 410 197 389 384 440 248 233 150 155 280 230 234 279 432 128 438 440 421 308 83 330 
3 10 11 12 14 15 23 25 29 30 34 36 41 42 60 65 66 76 184 482 396 479 427 217 459 333 379 303 461 456 339 230 424 345 393 160 475 229 331 344 499 244 252 139 112 161 196 182 364 493 213 220 160 251 462 282 240 367 300 276 444 231 354 476 407 172 350 172 397 325 262 334 471 154 209 342 177 122 244 410 197 389 384 440 248 233 150 155 280 230 234 279 432 128 438 440 421 308 83 330 
3 10 11 12 14 15 23 25 29 30 34 36 41 42 60 65 66 76 83 482 396 479 427 217 459 333 379 303 461 456 339 230 424 345 393 160 475 229 331 344 499 244 252 139 112 161 196 182 364 493 213 220 160 251 462 282 240 367 300 276 444 231 354 476 407 172 350 172 397 325 262 334 471 154 209 342 177 122 244 410 197 389 384 440 248 233 150 155 280 230 234 279 432 128 438 440 421 308 184 330 
3 10 11 12 14 15 23 25 29 30 34 36 41 42 60 65 66 76 83 112 396 479 427 217 459 333 379 303 461 456 339 230 424 345 393 160 475 229 331 344 499 244 252 139 482 161 196 182 364 493 213 220 160 251 462 282 240 367 300 276 444 231 354 476 407 172 350 172 397 325 262 334 471 154 209 342 177 122 244 410 197 389 384 440 248 233 150 155 280 230 234 279 432 128 438 440 421 308 184 330 
3 10 11 12 14 15 23 25 29 30 34 36 41 42 60 65 66 76 83 112 122 479 427 217 459 333 379 303 461 456 339 230 424 345 393 160 475 229 331 344 499 244 252 139 482 161 196 182 364 493 213 220 160 251 462 282 240 367 300 276 444 231 354 476 407 172 350 172 397 325 262 334 471 154 209 342 177 396 244 410 197 389 384 440 248 233 150 155 280 230 234 279 432 128 438 440 421 308 184 330 
3 10 11 12 14 15 23 25 29 30 34 36 41 42 60 65 66 76 83 112 122 128 427 217 459 333 379 303 461 456 339 230 424 345 393 160 475 229 331 344 499 244 252 139 482 161 196 182 364 493 213 220 160 251 462 282 240 367 300 276 444 231 354 476 407 172 350 172 397 325 262 334 471 154 209 342 177 396 244 410 197 389 384 440 248 233 150 155 280 230 234 279 432 479 438 440 421 308 184 330 
3 10 11 12 14 15 23 25 29 30 34 36 41 42 60 65 66 76 83 112 122 128 139 217 459 333 379 303 461 456 339 230 424 345 393 160 475 229 331 344 499 244 252 427 482 161 196 182 364 493 213 220 160 251 462 282 240 367 300 276 444 231 354 476 407 172 350 172 397 325 262 334 471 154 209 342 177 396 244 410 197 389 384 440 248 233 150 155 280 230 234 279 432 479 438 440 421 308 184 330 
3 10 11 12 14 15 23 25 29 30 34 36 41 42 60 65 66 76 83 112 122 128 139 150 459 333 379 303 461 456 339 230 424 345 393 160 475 229 331 344 499 244 252 427 482 161 196 182 364 493 213 220 160 251 462 282 240 367 300 276 444 231 354 476 407 172 350 172 397 325 262 334 471 154 209 342 177 396 244 410 197 389 384 440 248 233 217 155 280 230 234 279 432 479 438 440 421 308 184 330 
3 10 11 12 14 15 23 25 29 30 34 36 41 42 60 65 66 76 83 112 122 128 139 150 154 333 379 303 461 456 339 230 424 345 393 160 475 229 331 344 499 244 252 427 482 161 196 182 364 493 213 220 160 251 462 282 240 367 300 276 444 231 354 476 407 172 350 172 397 325 262 334 471 459 209 342 177 396 244 410 197 389 384 440 248 233 217 155 280 230 234 279 432 479 438 440 421 308 184 330 
3 10 11 12 14 15 23 25 29 30 34 36 41 42 60 65 66 76 83 112 122 128 139 150 154 155 379 303 461 456 339 230 424 345 393 160 475 229 331 344 499 244 252 427 482 161 196 182 364 493 213 220 160 251 462 282 240 367 300 276 444 231 354 476 407 172 350 172 397 325 262 334 471 459 209 342 177 396 244 410 197 389 384 440 248 233 217 333 280 230 234 279 432 479 438 440 421 308 184 330 
3 10 11 12 14 15 23 25 29 30 34 36 41 42 60 65 66 76 83 112 122 128 139 150 154 155 160 303 461 456 339 230 424 345 393 379 475 229 331 344 499 244 252 427 482 161 196 182 364 493 213 220 160 251 462 282 240 367 300 276 444 231 354 476 407 172 350 172 397 325 262 334 471 459 209 342 177 396 244 410 197 389 384 440 248 233 217 333 280 230 234 279 432 479 438 440 421 308 184 330 
3 10 11 12 14 15 23 25 29 30 34 36 41 42 60 65 66 76 83 112 122 128 139 150 154 155 160 160 461 456 339 230 424 345 393 379 475 229 331 344 499 244 252 427 482 161 196 182 364 493 213 220 303 251 462 282 240 367 300 276 444 231 354 476 407 172 350 172 397 325 262 334 471 459 209 342 177 396 244 410 197 389 384 440 248 233 217 333 280 230 234 279 432 479 438 440 421 308 184 330 
3 10 11 12 14 15 23 25 29 30 34 36 41 42 60 65 66 76 83 112 122 128 139 150 154 155 160 160 161 456 339 230 424 345 393 379 475 229 331 344 499 244 252 427 482 461 196 182 364 493 213 220 303 251 462 282 240 367 300 276 444 231 354 476 407 172 350 172 397 325 262 334 471 459 209 342 177 396 244 410 197 389 384 440 248 233 217 333 280 230 234 279 432 479 438 440 421 308 184 330 
3 10 11 12 14 15 23 25 29 30 34 36 41 42 60 65 66 76 83 112 122 128 139 150 154 155 160 160 161 172 339 230 424 345 393 379 475 229 331 344 499 244 252 427 482 461 196 182 364 493 213 220 303 251 462 282 240 367 300 276 444 231 354 476 407 456 350 172 397 325 262 334 471 459 209 342 177 396 244 410 197 389 384 440 248 233 217 333 280 230 234 279 432 479 438 440 421 308 184 330 
3 10 11 12 14 15 23 25 29 30 34 36 41 42 60 65 66 76 83 112 122 128 139 150 154 155 160 160 161 172 172 230 424 345 393 379 475 229 331 344 499 244 252 427 482 461 196 182 364 493 213 220 303 251 462 282 240 367 300 276 444 231 354 476 407 456 350 339 397 325 262 334 471 459 209 342 177 396 244 410 197 389 384 440 248 233 217 333 280 230 234 279 432 479 438 440 421 308 184 330 
3 10 11 12 14 15 23 25 29 30 34 36 41 42 60 65 66 76 83 112 122 128 139 150 154 155 160 160 161 172 172 177 424 345 393 379 475 229 331 344 499 244 252 427 482 461 196 182 364 493 213 220 303 251 462 282 240 367 300 276 444 231 354 476 407 456 350 339 397 325 262 334 471 459 209 342 230 396 244 410 197 389 384 440 248 233 217 333 280 230 234 279 432 479 438 440 421 308 184 330 
3 10 11 12 14 15 23 25 29 30 34 36 41 42 60 65 66 76 83 112 122 128 139 150 154 155 160 160 161 172 172 177 182 345 393 379 475 229 331 344 499 244 252 427 482 461 196 424 364 493 213 220 303 251 462 282 240 367 300 276 444 231 354 476 407 456 350 339 397 325 262 334 471 459 209 342 230 396 244 410 197 389 384 440 248 233 217 333 280 230 234 279 432 479 438 440 421 308 184 330 
3 10 11 12 14 15 23 25 29 30 34 36 41 42 60 65 66 76 83 112 122 128 139 150 154 155 160 160 161 172 172 177 182 184 393 379 475 229 331 344 499 244 252 427 482 461 196 424 364 493 213 220 303 251 462 282 240 367 300 276 444 231 354 476 407 456 350 339 397 325 262 334 471 459 209 342 230 396 244 410 197 389 384 440 248 233 217 333 280 230 234 279 432 479 438 440 421 308 345 330 
3 10 11 12 14 15 23 25 29 30 34 36 41 42 60 65 66 76 83 112 122 128 139 150 154 155 160 160 161 172 172 177 182 184 196 379 475 229 331 344 499 244 252 427 482 461 393 424 364 493 213 220 303 251 462 282 240 367 300 276 444 231 354 476 407 456 350 339 397 325 262 334 471 459 209 342 230 396 244 410 197 389 384 440 248 233 217 333 280 230 234 279 432 479 438 440 421 308 345 330 
3 10 11 12 14 15 23 25 29 30 34 36 41 42 60 65 66 76 83 112 122 128 139 150 154 155 160 160 161 172 172 177 182 184 196 197 475 229 331 344 499 244 252 427 482 461 393 424 364 493 213 220 303 251 462 282 240 367 300 276 444 231 354 476 407 456 350 339 397 325 262 334 471 459 209 342 230 396 244 410 379 389 384 440 248 233 217 333 280 230 234 279 432 479 438 440 421 308 345 330 
3 10 11 12 14 15 23 25 29 30 34 36 41 42 60 65 66 76 83 112 122 128 139 150 154 155 160 160 161 172 172 177 182 184 196 197 209 229 331 344 499 244 252 427 482 461 393 424 364 493 213 220 303 251 462 282 240 367 300 276 444 231 354 476 407 456 350 339 397 325 262 334 471 459 475 342 230 396 244 410 379 389 384 440 248 233 217 333 280 230 234 279 432 479 438 440 421 308 345 330 
3 10 11 12 14 15 23 25 29 30 34 36 41 42 60 65 66 76 83 112 122 128 139 150 154 155 160 160 161 172 172 177 182 184 196 197 209 213 331 344 499 244 252 427 482 461 393 424 364 493 229 220 303 251 462 282 240 367 300 276 444 231 354 476 407 456 350 339 397 325 262 334 471 459 475 342 230 396 244 410 379 389 384 440 248 233 217 333 280 230 234 279 432 479 438 440 421 308 345 330 
3 10 11 12 14 15 23 25 29 30 34 36 41 42 60 65 66 76 83 112 122 128 139 150 154 155 160 160 161 172 172 177 182 184 196 197 209 213 217 344 499 244 252 427 482 461 393 424 364 493 229 220 303 251 462 282 240 367 300 276 444 231 354 476 407 456 350 339 397 325 262 334 471 459 475 342 230 396 244 410 379 389 384 440 248 233 331 333 280 230 234 279 432 479 438 440 421 308 345 330 
3 10 11 12 14 15 23 25 29 30 34 36 41 42 60 65 66 76 83 112 122 128 139 150 154 155 160 160 161 172 172 177 182 184 196 197 209 213 217 220 499 244 252 427 482 461 393 424 364 493 229 344 303 251 462 282 240 367 300 276 444 231 354 476 407 456 350 339 397 325 262 334 471 459 475 342 230 396 244 410 379 389 384 440 248 233 331 333 280 230 234 279 432 479 438 440 421 308 345 330 
3 10 11 12 14 15 23 25 29 30 34 36 41 42 60 65 66 76 83 112 122 128 139 150 154 155 160 160 161 172 172 177 182 184 196 197 209 213 217 220 229 244 252 427 482 461 393 424 364 493 499 344 303 251 462 282 240 367 300 276 444 231 354 476 407 456 350 339 397 325 262 334 471 459 475 342 230 396 244 410 379 389 384 440 248 233 331 333 280 230 234 279 432 479 438 440 421 308 345 330 
3 10 11 12 14 15 23 25 29 30 34 36 41 42 60 65 66 76 83 112 122 128 139 150 154 155 160 160 161 172 172 177 182 184 196 197 209 213 217 220 229 230 252 427 482 461 393 424 364 493 499 344 303 251 462 282 240 367 300 276 444 231 354 476 407 456 350 339 397 325 262 334 471 459 475 342 244 396 244 410 379 389 384 440 248 233 331 333 280 230 234 279 432 479 438 440 421 308 345 330 
3 10 11 12 14 15 23 25 29 30 34 36 41 42 60 65 66 76 83 112 122 128 139 150 154 155 160 160 161 172 172 177 182 184 196 197 209 213 217 220 229 230 230 427 482 461 393 424 364 493 499 344 303 251 462 282 240 367 300 276 444 231 354 476 407 456 350 339 397 325 262 334 471 459 475 342 244 396 244 410 379 389 384 440 248 233 331 333 280 252 234 279 432 479 438 440 421 308 345 330 
3 10 11 12 14 15 23 25 29 30 34 36 41 42 60 65 66 76 83 112 122 128 139 150 154 155 160 160 161 172 172 177 182 184 196 197 209 213 217 220 229 230 230 231 482 461 393 424 364 493 499 344 303 251 462 282 240 367 300 276 444 427 354 476 407 456 350 339 397 325 262 334 471 459 475 342 244 396 244 410 379 389 384 440 248 233 331 333 280 252 234 279 432 479 438 440 421 308 345 330 
3 10 11 12 14 15 23 25 29 30 34 36 41 42 60 65 66 76 83 112 122 128 139 150 154 155 160 160 161 172 172 177 182 184 196 197 209 213 217 220 229 230 230 231 233 461 393 424 364 493 499 344 303 251 462 282 240 367 300 276 444 427 354 476 407 456 350 339 397 325 262 334 471 459 475 342 244 396 244 410 379 389 384 440 248 482 331 333 280 252 234 279 432 479 438 440 421 308 345 330 
3 10 11 12 14 15 23 25 29 30 34 36 41 42 60 65 66 76 83 112 122 128 139 150 154 155 160 160 161 172 172 177 182 184 196 197 209 213 217 220 229 230 230 231 233 234 393 424 364 493 499 344 303 251 462 282 240 367 300 276 444 427 354 476 407 456 350 339 397 325 262 334 471 459 475 342 244 396 244 410 379 389 384 440 248 482 331 333 280 252 461 279 432 479 438 440 421 308 345 330 
3 10 11 12 14 15 23 25 29 30 34 36 41 42 60 65 66 76 83 112 122 128 139 150 154 155 160 160 161 172 172 177 182 184 196 197 209 213 217 220 229 230 230 231 233 234 240 424 364 493 499 344 303 251 462 282 393 367 300 276 444 427 354 476 407 456 350 339 397 325 262 334 471 459 475 342 244 396 244 410 379 389 384 440 248 482 331 333 280 252 461 279 432 479 438 440 421 308 345 330 
3 10 11 12 14 15 23 25 29 30 34 36 41 42 60 65 66 76 83 112 122 128 139 150 154 155 160 160 161 172 172 177 182 184 196 197 209 213 217 220 229 230 230 231 233 234 240 244 364 493 499 344 303 251 462 282 393 367 300 276 444 427 354 476 407 456 350 339 397 325 262 334 471 459 475 342 424 396 244 410 379 389 384 440 248 482 331 333 280 252 461 279 432 479 438 440 421 308 345 330 
3 10 11 12 14 15 23 25 29 30 34 36 41 42 60 65 66 76 83 112 122 128 139 150 154 155 160 160 161 172 172 177 182 184 196 197 209 213 217 220 229 230 230 231 233 234 240 244 244 493 499 344 303 251 462 282 393 367 300 276 444 427 354 476 407 456 350 339 397 325 262 334 471 459 475 342 424 396 364 410 379 389 384 440 248 482 331 333 280 252 461 279 432 479 438 440 421 308 345 330 
3 10 11 12 14 15 23 25 29 30 34 36 41 42 60 65 66 76 83 112 122 128 139 150 154 155 160 160 161 172 172 177 182 184 196 197 209 213 217 220 229 230 230 231 233 234 240 244 244 248 499 344 303 251 462 282 393 367 300 276 444 427 354 476 407 456 350 339 397 325 262 334 471 459 475 342 424 396 364 410 379 389 384 440 493 482 331 333 280 252 461 279 432 479 438 440 421 308 345 330 
3 10 11 12 14 15 23 25 29 30 34 36 41 42 60 65 66 76 83 112 122 128 139 150 154 155 160 160 161 172 172 177 182 184 196 197 209 213 217 220 229 230 230 231 233 234 240 244 244 248 251 344 303 499 462 282 393 367 300 276 444 427 354 476 407 456 350 339 397 325 262 334 471 459 475 342 424 396 364 410 379 389 384 440 493 482 331 333 280 252 461 279 432 479 438 440 421 308 345 330 
3 10 11 12 14 15 23 25 29 30 34 36 41 42 60 65 66 76 83 112 122 128 139 150 154 155 160 160 161 172 172 177 182 184 196 197 209 213 217 220 229 230 230 231 233 234 240 244 244 248 251 252 303 499 462 282 393 367 300 276 444 427 354 476 407 456 350 339 397 325 262 334 471 459 475 342 424 396 364 410 379 389 384 440 493 482 331 333 280 344 461 279 432 479 438 440 421 308 345 330 
3 10 11 12 14 15 23 25 29 30 34 36 41 42 60 65 66 76 83 112 122 128 139 150 154 155 160 160 161 172 172 177 182 184 196 197 209 213 217 220 229 230 230 231 233 234 240 244 244 248 251 252 262 499 462 282 393 367 300 276 444 427 354 476 407 456 350 339 397 325 303 334 471 459 475 342 424 396 364 410 379 389 384 440 493 482 331 333 280 344 461 279 432 479 438 440 421 308 345 330 
3 10 11 12 14 15 23 25 29 30 34 36 41 42 60 65 66 76 83 112 122 128 139 150 154 155 160 160 161 172 172 177 182 184 196 197 209 213 217 220 229 230 230 231 233 234 240 244 244 248 251 252 262 276 462 282 393 367 300 499 444 427 354 476 407 456 350 339 397 325 303 334 471 459 475 342 424 396 364 410 379 389 384 440 493 482 331 333 280 344 461 279 432 479 438 440 421 308 345 330 
3 10 11 12 14 15 23 25 29 30 34 36 41 42 60 65 66 76 83 112 122 128 139 150 154 155 160 160 161 172 172 177 182 184 196 197 209 213 217 220 229 230 230 231 233 234 240 244 244 248 251 252 262 276 279 282 393 367 300 499 444 427 354 476 407 456 350 339 397 325 303 334 471 459 475 342 424 396 364 410 379 389 384 440 493 482 331 333 280 344 461 462 432 479 438 440 421 308 345 330 
3 10 11 12 14 15 23 25 29 30 34 36 41 42 60 65 66 76 83 112 122 128 139 150 154 155 160 160 161 172 172 177 182 184 196 197 209 213 217 220 229 230 230 231 233 234 240 244 244 248 251 252 262 276 279 280 393 367 300 499 444 427 354 476 407 456 350 339 397 325 303 334 471 459 475 342 424 396 364 410 379 389 384 440 493 482 331 333 282 344 461 462 432 479 438 440 421 308 345 330 
3 10 11 12 14 15 23 25 29 30 34 36 41 42 60 65 66 76 83 112 122 128 139 150 154 155 160 160 161 172 172 177 182 184 196 197 209 213 217 220 229 230 230 231 233 234 240 244 244 248 251 252 262 276 279 280 282 367 300 499 444 427 354 476 407 456 350 339 397 325 303 334 471 459 475 342 424 396 364 410 379 389 384 440 493 482 331 333 393 344 461 462 432 479 438 440 421 308 345 330 
3 10 11 12 14 15 23 25 29 30 34 36 41 42 60 65 66 76 83 112 122 128 139 150 154 155 160 160 161 172 172 177 182 184 196 197 209 213 217 220 229 230 230 231 233 234 240 244 244 248 251 252 262 276 279 280 282 300 367 499 444 427 354 476 407 456 350 339 397 325 303 334 471 459 475 342 424 396 364 410 379 389 384 440 493 482 331 333 393 344 461 462 432 479 438 440 421 308 345 330 
3 10 11 12 14 15 23 25 29 30 34 36 41 42 60 65 66 76 83 112 122 128 139 150 154 155 160 160 161 172 172 177 182 184 196 197 209 213 217 220 229 230 230 231 233 234 240 244 244 248 251 252 262 276 279 280 282 300 303 499 444 427 354 476 407 456 350 339 397 325 367 334 471 459 475 342 424 396 364 410 379 389 384 440 493 482 331 333 393 344 461 462 432 479 438 440 421 308 345 330 
3 10 11 12 14 15 23 25 29 30 34 36 41 42 60 65 66 76 83 112 122 128 139 150 154 155 160 160 161 172 172 177 182 184 196 197 209 213 217 220 229 230 230 231 233 234 240 244 244 248 251 252 262 276 279 280 282 300 303 308 444 427 354 476 407 456 350 339 397 325 367 334 471 459 475 342 424 396 364 410 379 389 384 440 493 482 331 333 393 344 461 462 432 479 438 440 421 499 345 330 
3 10 11 12 14 15 23 25 29 30 34 36 41 42 60 65 66 76 83 112 122 128 139 150 154 155 160 160 161 172 172 177 182 184 196 197 209 213 217 220 229 230 230 231 233 234 240 244 244 248 251 252 262 276 279 280 282 300 303 308 325 427 354 476 407 456 350 339 397 444 367 334 471 459 475 342 424 396 364 410 379 389 384 440 493 482 331 333 393 344 461 462 432 479 438 440 421 499 345 330 
3 10 11 12 14 15 23 25 29 30 34 36 41 42 60 65 66 76 83 112 122 128 139 150 154 155 160 160 161 172 172 177 182 184 196 197 209 213 217 220 229 230 230 231 233 234 240 244 244 248 251 252 262 276 279 280 282 300 303 308 325 330 354 476 407 456 350 339 397 444 367 334 471 459 475 342 424 396 364 410 379 389 384 440 493 482 331 333 393 344 461 462 432 479 438 440 421 499 345 427 
3 10 11 12 14 15 23 25 29 30 34 36 41 42 60 65 66 76 83 112 122 128 139 150 154 155 160 160 161 172 172 177 182 184 196 197 209 213 217 220 229 230 230 231 233 234 240 244 244 248 251 252 262 276 279 280 282 300 303 308 325 330 331 476 407 456 350 339 397 444 367 334 471 459 475 342 424 396 364 410 379 389 384 440 493 482 354 333 393 344 461 462 432 479 438 440 421 499 345 427 
3 10 11 12 14 15 23 25 29 30 34 36 41 42 60 65 66 76 83 112 122 128 139 150 154 155 160 160 161 172 172 177 182 184 196 197 209 213 217 220 229 230 230 231 233 234 240 244 244 248 251 252 262 276 279 280 282 300 303 308 325 330 331 333 407 456 350 339 397 444 367 334 471 459 475 342 424 396 364 410 379 389 384 440 493 482 354 476 393 344 461 462 432 479 438 440 421 499 345 427 
3 10 11 12 14 15 23 25 29 30 34 36 41 42 60 65 66 76 83 112 122 128 139 150 154 155 160 160 161 172 172 177 182 184 196 197 209 213 217 220 229 230 230 231 233 234 240 244 244 248 251 252 262 276 279 280 282 300 303 308 325 330 331 333 334 456 350 339 397 444 367 407 471 459 475 342 424 396 364 410 379 389 384 440 493 482 354 476 393 344 461 462 432 479 438 440 421 499 345 427 
3 10 11 12 14 15 23 25 29 30 34 36 41 42 60 65 66 76 83 112 122 128 139 150 154 155 160 160 161 172 172 177 182 184 196 197 209 213 217 220 229 230 230 231 233 234 240 244 244 248 251 252 262 276 279 280 282 300 303 308 325 330 331 333 334 339 350 456 397 444 367 407 471 459 475 342 424 396 364 410 379 389 384 440 493 482 354 476 393 344 461 462 432 479 438 440 421 499 345 427 
3 10 11 12 14 15 23 25 29 30 34 36 41 42 60 65 66 76 83 112 122 128 139 150 154 155 160 160 161 172 172 177 182 184 196 197 209 213 217 220 229 230 230 231 233 234 240 244 244 248 251 252 262 276 279 280 282 300 303 308 325 330 331 333 334 339 342 456 397 444 367 407 471 459 475 350 424 396 364 410 379 389 384 440 493 482 354 476 393 344 461 462 432 479 438 440 421 499 345 427 
3 10 11 12 14 15 23 25 29 30 34 36 41 42 60 65 66 76 83 112 122 128 139 150 154 155 160 160 161 172 172 177 182 184 196 197 209 213 217 220 229 230 230 231 233 234 240 244 244 248 251 252 262 276 279 280 282 300 303 308 325 330 331 333 334 339 342 344 397 444 367 407 471 459 475 350 424 396 364 410 379 389 384 440 493 482 354 476 393 456 461 462 432 479 438 440 421 499 345 427 
3 10 11 12 14 15 23 25 29 30 34 36 41 42 60 65 66 76 83 112 122 128 139 150 154 155 160 160 161 172 172 177 182 184 196 197 209 213 217 220 229 230 230 231 233 234 240 244 244 248 251 252 262 276 279 280 282 300 303 308 325 330 331 333 334 339 342 344 345 444 367 407 471 459 475 350 424 396 364 410 379 389 384 440 493 482 354 476 393 456 461 462 432 479 438 440 421 499 397 427 
3 10 11 12 14 15 23 25 29 30 34 36 41 42 60 65 66 76 83 112 122 128 139 150 154 155 160 160 161 172 172 177 182 184 196 197 209 213 217 220 229 230 230 231 233 234 240 244 244 248 251 252 262 276 279 280 282 300 303 308 325 330 331 333 334 339 342 344 345 350 367 407 471 459 475 444 424 396 364 410 379 389 384 440 493 482 354 476 393 456 461 462 432 479 438 440 421 499 397 427 
3 10 11 12 14 15 23 25 29 30 34 36 41 42 60 65 66 76 83 112 122 128 139 150 154 155 160 160 161 172 172 177 182 184 196 197 209 213 217 220 229 230 230 231 233 234 240 244 244 248 251 252 262 276 279 280 282 300 303 308 325 330 331 333 334 339 342 344 345 350 354 407 471 459 475 444 424 396 364 410 379 389 384 440 493 482 367 476 393 456 461 462 432 479 438 440 421 499 397 427 
3 10 11 12 14 15 23 25 29 30 34 36 41 42 60 65 66 76 83 112 122 128 139 150 154 155 160 160 161 172 172 177 182 184 196 197 209 213 217 220 229 230 230 231 233 234 240 244 244 248 251 252 262 276 279 280 282 300 303 308 325 330 331 333 334 339 342 344 345 350 354 364 471 459 475 444 424 396 407 410 379 389 384 440 493 482 367 476 393 456 461 462 432 479 438 440 421 499 397 427 
3 10 11 12 14 15 23 25 29 30 34 36 41 42 60 65 66 76 83 112 122 128 139 150 154 155 160 160 161 172 172 177 182 184 196 197 209 213 217 220 229 230 230 231 233 234 240 244 244 248 251 252 262 276 279 280 282 300 303 308 325 330 331 333 334 339 342 344 345 350 354 364 367 459 475 444 424 396 407 410 379 389 384 440 493 482 471 476 393 456 461 462 432 479 438 440 421 499 397 427 
3 10 11 12 14 15 23 25 29 30 34 36 41 42 60 65 66 76 83 112 122 128 139 150 154 155 160 160 161 172 172 177 182 184 196 197 209 213 217 220 229 230 230 231 233 234 240 244 244 248 251 252 262 276 279 280 282 300 303 308 325 330 331 333 334 339 342 344 345 350 354 364 367 379 475 444 424 396 407 410 459 389 384 440 493 482 471 476 393 456 461 462 432 479 438 440 421 499 397 427 
3 10 11 12 14 15 23 25 29 30 34 36 41 42 60 65 66 76 83 112 122 128 139 150 154 155 160 160 161 172 172 177 182 184 196 197 209 213 217 220 229 230 230 231 233 234 240 244 244 248 251 252 262 276 279 280 282 300 303 308 325 330 331 333 334 339 342 344 345 350 354 364 367 379 384 444 424 396 407 410 459 389 475 440 493 482 471 476 393 456 461 462 432 479 438 440 421 499 397 427 
3 10 11 12 14 15 23 25 29 30 34 36 41 42 60 65 66 76 83 112 122 128 139 150 154 155 160 160 161 172 172 177 182 184 196 197 209 213 217 220 229 230 230 231 233 234 240 244 244 248 251 252 262 276 279 280 282 300 303 308 325 330 331 333 334 339 342 344 345 350 354 364 367 379 384 389 424 396 407 410 459 444 475 440 493 482 471 476 393 456 461 462 432 479 438 440 421 499 397 427 
3 10 11 12 14 15 23 25 29 30 34 36 41 42 60 65 66 76 83 112 122 128 139 150 154 155 160 160 161 172 172 177 182 184 196 197 209 213 217 220 229 230 230 231 233 234 240 244 244 248 251 252 262 276 279 280 282 300 303 308 325 330 331 333 334 339 342 344 345 350 354 364 367 379 384 389 393 396 407 410 459 444 475 440 493 482 471 476 424 456 461 462 432 479 438 440 421 499 397 427 
3 10 11 12 14 15 23 25 29 30 34 36 41 42 60 65 66 76 83 112 122 128 139 150 154 155 160 160 161 172 172 177 182 184 196 197 209 213 217 220 229 230 230 231 233 234 240 244 244 248 251 252 262 276 279 280 282 300 303 308 325 330 331 333 334 339 342 344 345 350 354 364 367 379 384 389 393 396 407 410 459 444 475 440 493 482 471 476 424 456 461 462 432 479 438 440 421 499 397 427 
3 10 11 12 14 15 23 25 29 30 34 36 41 42 60 65 66 76 83 112 122 128 139 150 154 155 160 160 161 172 172 177 182 184 196 197 209 213 217 220 229 230 230 231 233 234 240 244 244 248 251 252 262 276 279 280 282 300 303 308 325 330 331 333 334 339 342 344 345 350 354 364 367 379 384 389 393 396 397 410 459 444 475 440 493 482 471 476 424 456 461 462 432 479 438 440 421 499 407 427 
3 10 11 12 14 15 23 25 29 30 34 36 41 42 60 65 66 76 83 112 122 128 139 150 154 155 160 160 161 172 172 177 182 184 196 197 209 213 217 220 229 230 230 231 233 234 240 244 244 248 251 252 262 276 279 280 282 300 303 308 325 330 331 333 334 339 342 344 345 350 354 364 367 379 384 389 393 396 397 407 459 444 475 440 493 482 471 476 424 456 461 462 432 479 438 440 421 499 410 427 
3 10 11 12 14 15 23 25 29 30 34 36 41 42 60 65 66 76 83 112 122 128 139 150 154 155 160 160 161 172 172 177 182 184 196 197 209 213 217 220 229 230 230 231 233 234 240 244 244 248 251 252 262 276 279 280 282 300 303 308 325 330 331 333 334 339 342 344 345 350 354 364 367 379 384 389 393 396 397 407 410 444 475 440 493 482 471 476 424 456 461 462 432 479 438 440 421 499 459 427 
3 10 11 12 14 15 23 25 29 30 34 36 41 42 60 65 66 76 83 112 122 128 139 150 154 155 160 160 161 172 172 177 182 184 196 197 209 213 217 220 229 230 230 231 233 234 240 244 244 248 251 252 262 276 279 280 282 300 303 308 325 330 331 333 334 339 342 344 345 350 354 364 367 379 384 389 393 396 397 407 410 421 475 440 493 482 471 476 424 456 461 462 432 479 438 440 444 499 459 427 
3 10 11 12 14 15 23 25 29 30 34 36 41 42 60 65 66 76 83 112 122 128 139 150 154 155 160 160 161 172 172 177 182 184 196 197 209 213 217 220 229 230 230 231 233 234 240 244 244 248 251 252 262 276 279 280 282 300 303 308 325 330 331 333 334 339 342 344 345 350 354 364 367 379 384 389 393 396 397 407 410 421 424 440 493 482 471 476 475 456 461 462 432 479 438 440 444 499 459 427 
3 10 11 12 14 15 23 25 29 30 34 36 41 42 60 65 66 76 83 112 122 128 139 150 154 155 160 160 161 172 172 177 182 184 196 197 209 213 217 220 229 230 230 231 233 234 240 244 244 248 251 252 262 276 279 280 282 300 303 308 325 330 331 333 334 339 342 344 345 350 354 364 367 379 384 389 393 396 397 407 410 421 424 427 493 482 471 476 475 456 461 462 432 479 438 440 444 499 459 440 
3 10 11 12 14 15 23 25 29 30 34 36 41 42 60 65 66 76 83 112 122 128 139 150 154 155 160 160 161 172 172 177 182 184 196 197 209 213 217 220 229 230 230 231 233 234 240 244 244 248 251 252 262 276 279 280 282 300 303 308 325 330 331 333 334 339 342 344 345 350 354 364 367 379 384 389 393 396 397 407 410 421 424 427 432 482 471 476 475 456 461 462 493 479 438 440 444 499 459 440 
3 10 11 12 14 15 23 25 29 30 34 36 41 42 60 65 66 76 83 112 122 128 139 150 154 155 160 160 161 172 172 177 182 184 196 197 209 213 217 220 229 230 230 231 233 234 240 244 244 248 251 252 262 276 279 280 282 300 303 308 325 330 331 333 334 339 342 344 345 350 354 364 367 379 384 389 393 396 397 407 410 421 424 427 432 438 471 476 475 456 461 462 493 479 482 440 444 499 459 440 
3 10 11 12 14 15 23 25 29 30 34 36 41 42 60 65 66 76 83 112 122 128 139 150 154 155 160 160 161 172 172 177 182 184 196 197 209 213 217 220 229 230 230 231 233 234 240 244 244 248 251 252 262 276 279 280 282 300 303 308 325 330 331 333 334 339 342 344 345 350 354 364 367 379 384 389 393 396 397 407 410 421 424 427 432 438 440 476 475 456 461 462 493 479 482 471 444 499 459 440 
3 10 11 12 14 15 23 25 29 30 34 36 41 42 60 65 66 76 83 112 122 128 139 150 154 155 160 160 161 172 172 177 182 184 196 197 209 213 217 220 229 230 230 231 233 234 240 244 244 248 251 252 262 276 279 280 282 300 303 308 325 330 331 333 334 339 342 344 345 350 354 364 367 379 384 389 393 396 397 407 410 421 424 427 432 438 440 440 475 456 461 462 493 479 482 471 444 499 459 476 
3 10 11 12 14 15 23 25 29 30 34 36 41 42 60 65 66 76 83 112 122 128 139 150 154 155 160 160 161 172 172 177 182 184 196 197 209 213 217 220 229 230 230 231 233 234 240 244 244 248 251 252 262 276 279 280 282 300 303 308 325 330 331 333 334 339 342 344 345 350 354 364 367 379 384 389 393 396 397 407 410 421 424 427 432 438 440 440 444 456 461 462 493 479 482 471 475 499 459 476 
3 10 11 12 14 15 23 25 29 30 34 36 41 42 60 65 66 76 83 112 122 128 139 150 154 155 160 160 161 172 172 177 182 184 196 197 209 213 217 220 229 230 230 231 233 234 240 244 244 248 251 252 262 276 279 280 282 300 303 308 325 330 331 333 334 339 342 344 345 350 354 364 367 379 384 389 393 396 397 407 410 421 424 427 432 438 440 440 444 456 461 462 493 479 482 471 475 499 459 476 
3 10 11 12 14 15 23 25 29 30 34 36 41 42 60 65 66 76 83 112 122 128 139 150 154 155 160 160 161 172 172 177 182 184 196 197 209 213 217 220 229 230 230 231 233 234 240 244 244 248 251 252 262 276 279 280 282 300 303 308 325 330 331 333 334 339 342 344 345 350 354 364 367 379 384 389 393 396 397 407 410 421 424 427 432 438 440 440 444 456 459 462 493 479 482 471 475 499 461 476 
3 10 11 12 14 15 23 25 29 30 34 36 41 42 60 65 66 76 83 112 122 128 139 150 154 155 160 160 161 172 172 177 182 184 196 197 209 213 217 220 229 230 230 231 233 234 240 244 244 248 251 252 262 276 279 280 282 300 303 308 325 330 331 333 334 339 342 344 345 350 354 364 367 379 384 389 393 396 397 407 410 421 424 427 432 438 440 440 444 456 459 461 493 479 482 471 475 499 462 476 
3 10 11 12 14 15 23 25 29 30 34 36 41 42 60 65 66 76 83 112 122 128 139 150 154 155 160 160 161 172 172 177 182 184 196 197 209 213 217 220 229 230 230 231 233 234 240 244 244 248 251 252 262 276 279 280 282 300 303 308 325 330 331 333 334 339 342 344 345 350 354 364 367 379 384 389 393 396 397 407 410 421 424 427 432 438 440 440 444 456 459 461 462 479 482 471 475 499 493 476 
3 10 11 12 14 15 23 25 29 30 34 36 41 42 60 65 66 76 83 112 122 128 139 150 154 155 160 160 161 172 172 177 182 184 196 197 209 213 217 220 229 230 230 231 233 234 240 244 244 248 251 252 262 276 279 280 282 300 303 308 325 330 331 333 334 339 342 344 345 350 354 364 367 379 384 389 393 396 397 407 410 421 424 427 432 438 440 440 444 456 459 461 462 471 482 479 475 499 493 476 
3 10 11 12 14 15 23 25 29 30 34 36 41 42 60 65 66 76 83 112 122 128 139 150 154 155 160 160 161 172 172 177 182 184 196 197 209 213 217 220 229 230 230 231 233 234 240 244 244 248 251 252 262 276 279 280 282 300 303 308 325 330 331 333 334 339 342 344 345 350 354 364 367 379 384 389 393 396 397 407 410 421 424 427 432 438 440 440 444 456 459 461 462 471 475 479 482 499 493 476 
3 10 11 12 14 15 23 25 29 30 34 36 41 42 60 65 66 76 83 112 122 128 139 150 154 155 160 160 161 172 172 177 182 184 196 197 209 213 217 220 229 230 230 231 233 234 240 244 244 248 251 252 262 276 279 280 282 300 303 308 325 330 331 333 334 339 342 344 345 350 354 364 367 379 384 389 393 396 397 407 410 421 424 427 432 438 440 440 444 456 459 461 462 471 475 476 482 499 493 479 
3 10 11 12 14 15 23 25 29 30 34 36 41 42 60 65 66 76 83 112 122 128 139 150 154 155 160 160 161 172 172 177 182 184 196 197 209 213 217 220 229 230 230 231 233 234 240 244 244 248 251 252 262 276 279 280 282 300 303 308 325 330 331 333 334 339 342 344 345 350 354 364 367 379 384 389 393 396 397 407 410 421 424 427 432 438 440 440 444 456 459 461 462 471 475 476 479 499 493 482 
3 10 11 12 14 15 23 25 29 30 34 36 41 42 60 65 66 76 83 112 122 128 139 150 154 155 160 160 161 172 172 177 182 184 196 197 209 213 217 220 229 230 230 231 233 234 240 244 244 248 251 252 262 276 279 280 282 300 303 308 325 330 331 333 334 339 342 344 345 350 354 364 367 379 384 389 393 396 397 407 410 421 424 427 432 438 440 440 444 456 459 461 462 471 475 476 479 482 493 499 
3 10 11 12 14 15 23 25 29 30 34 36 41 42 60 65 66 76 83 112 122 128 139 150 154 155 160 160 161 172 172 177 182 184 196 197 209 213 217 220 229 230 230 231 233 234 240 244 244 248 251 252 262 276 279 280 282 300 303 308 325 330 331 333 334 339 342 344 345 350 354 364 367 379 384 389 393 396 397 407 410 421 424 427 432 438 440 440 444 456 459 461 462 471 475 476 479 482 493 499 
3 10 11 12 14 15 23 25 29 30 34 36 41 42 60 65 66 76 83 112 122 128 139 150 154 155 160 160 161 172 172 177 182 184 196 197 209 213 217 220 229 230 230 231 233 234 240 244 244 248 251 252 262 276 279 280 282 300 303 308 325 330 331 333 334 339 342 344 345 350 354 364 367 379 384 389 393 396 397 407 410 421 424 427 432 438 440 440 444 456 459 461 462 471 475 476 479 482 493 499 
