473 471 462 469 462 430 377 461 437 440 443 410 383 299 339 458 413 317 287 414 219 316 417 395 252 267 235 248 252 323 276 445 351 323 381 239 205 163 220 366 228 217 210 164 111 402 400 300 382 219 247 74 153 109 59 95 89 75 97 142 318 169 202 122 89 164 88 171 161 78 121 9 235 14 190 16 125 105 205 172 325 1 15 14 170 24 71 161 138 94 56 281 8 145 386 253 14 303 329 490 
471 469 462 461 462 430 377 458 437 440 443 410 383 299 339 445 413 317 287 414 219 316 417 395 252 267 235 248 252 323 276 329 351 323 381 239 205 163 220 366 228 217 210 164 111 402 400 300 382 219 247 74 153 109 59 95 89 75 97 142 318 169 202 122 89 164 88 171 161 78 121 9 235 14 190 16 125 105 205 172 325 1 15 14 170 24 71 161 138 94 56 281 8 145 386 253 14 303 473 490 
469 462 462 461 443 430 377 458 437 440 417 410 383 299 339 445 413 317 287 414 219 316 402 395 252 267 235 248 252 323 276 329 351 323 381 239 205 163 220 366 228 217 210 164 111 303 400 300 382 219 247 74 153 109 59 95 89 75 97 142 318 169 202 122 89 164 88 171 161 78 121 9 235 14 190 16 125 105 205 172 325 1 15 14 170 24 71 161 138 94 56 281 8 145 386 253 14 471 473 490 
462 461 462 458 443 430 377 445 437 440 417 410 383 299 339 351 413 317 287 414 219 316 402 395 252 267 235 248 252 323 276 329 164 323 381 239 205 163 220 366 228 217 210 164 111 303 400 300 382 219 247 74 153 109 59 95 89 75 97 142 318 169 202 122 89 14 88 171 161 78 121 9 235 14 190 16 125 105 205 172 325 1 15 14 170 24 71 161 138 94 56 281 8 145 386 253 469 471 473 490 
462 461 430 458 443 410 377 445 437 440 417 395 383 299 339 351 413 317 287 414 219 316 402 382 252 267 235 248 252 323 276 329 164 323 381 239 205 163 220 366 228 217 210 164 111 303 400 300 253 219 247 74 153 109 59 95 89 75 97 142 318 169 202 122 89 14 88 171 161 78 121 9 235 14 190 16 125 105 205 172 325 1 15 14 170 24 71 161 138 94 56 281 8 145 386 462 469 471 473 490 
461 458 430 445 443 410 377 413 437 440 417 395 383 299 339 351 386 317 287 414 219 316 402 382 252 267 235 248 252 323 276 329 164 323 381 239 205 163 220 366 228 217 210 164 111 303 400 300 253 219 247 74 153 109 59 95 89 75 97 142 318 169 202 122 89 14 88 171 161 78 121 9 235 14 190 16 125 105 205 172 325 1 15 14 170 24 71 161 138 94 56 281 8 145 462 462 469 471 473 490 
458 445 430 437 443 410 377 413 317 440 417 395 383 299 339 351 386 239 287 414 219 316 402 382 252 267 235 248 252 323 276 329 164 323 381 235 205 163 220 366 228 217 210 164 111 303 400 300 253 219 247 74 153 109 59 95 89 75 97 142 318 169 202 122 89 14 88 171 161 78 121 9 145 14 190 16 125 105 205 172 325 1 15 14 170 24 71 161 138 94 56 281 8 461 462 462 469 471 473 490 
445 443 430 437 440 410 377 413 317 414 417 395 383 299 339 351 386 239 287 366 219 316 402 382 252 267 235 248 252 323 276 329 164 323 381 235 205 163 220 325 228 217 210 164 111 303 400 300 253 219 247 74 153 109 59 95 89 75 97 142 318 169 202 122 89 14 88 171 161 78 121 9 145 14 190 16 125 105 205 172 8 1 15 14 170 24 71 161 138 94 56 281 458 461 462 462 469 471 473 490 
443 440 430 437 417 410 377 413 317 414 402 395 383 299 339 351 386 239 287 366 219 316 400 382 252 267 235 248 252 323 276 329 164 323 381 235 205 163 220 325 228 217 210 164 111 303 281 300 253 219 247 74 153 109 59 95 89 75 97 142 318 169 202 122 89 14 88 171 161 78 121 9 145 14 190 16 125 105 205 172 8 1 15 14 170 24 71 161 138 94 56 445 458 461 462 462 469 471 473 490 
440 437 430 413 417 410 377 386 317 414 402 395 383 299 339 351 381 239 287 366 219 316 400 382 252 267 235 248 252 323 276 329 164 323 121 235 205 163 220 325 228 217 210 164 111 303 281 300 253 219 247 74 153 109 59 95 89 75 97 142 318 169 202 122 89 14 88 171 161 78 56 9 145 14 190 16 125 105 205 172 8 1 15 14 170 24 71 161 138 94 443 445 458 461 462 462 469 471 473 490 
437 417 430 413 414 410 377 386 317 366 402 395 383 299 339 351 381 239 287 325 219 316 400 382 252 267 235 248 252 323 276 329 164 323 121 235 205 163 220 172 228 217 210 164 111 303 281 300 253 219 247 74 153 109 59 95 89 75 97 142 318 169 202 122 89 14 88 171 161 78 56 9 145 14 190 16 125 105 205 94 8 1 15 14 170 24 71 161 138 440 443 445 458 461 462 462 469 471 473 490 
430 417 410 413 414 395 377 386 317 366 402 382 383 299 339 351 381 239 287 325 219 316 400 300 252 267 235 248 252 323 276 329 164 323 121 235 205 163 220 172 228 217 210 164 111 303 281 138 253 219 247 74 153 109 59 95 89 75 97 142 318 169 202 122 89 14 88 171 161 78 56 9 145 14 190 16 125 105 205 94 8 1 15 14 170 24 71 161 437 440 443 445 458 461 462 462 469 471 473 490 
417 414 410 413 402 395 377 386 317 366 400 382 383 299 339 351 381 239 287 325 219 316 303 300 252 267 235 248 252 323 276 329 164 323 121 235 205 163 220 172 228 217 210 164 111 161 281 138 253 219 247 74 153 109 59 95 89 75 97 142 318 169 202 122 89 14 88 171 161 78 56 9 145 14 190 16 125 105 205 94 8 1 15 14 170 24 71 430 437 440 443 445 458 461 462 462 469 471 473 490 
414 413 410 386 402 395 377 381 317 366 400 382 383 299 339 351 323 239 287 325 219 316 303 300 252 267 235 248 252 323 276 329 164 171 121 235 205 163 220 172 228 217 210 164 111 161 281 138 253 219 247 74 153 109 59 95 89 75 97 142 318 169 202 122 89 14 88 71 161 78 56 9 145 14 190 16 125 105 205 94 8 1 15 14 170 24 417 430 437 440 443 445 458 461 462 462 469 471 473 490 
413 402 410 386 400 395 377 381 317 366 316 382 383 299 339 351 323 239 287 325 219 164 303 300 252 267 235 248 252 323 276 329 164 171 121 235 205 163 220 172 228 217 210 24 111 161 281 138 253 219 247 74 153 109 59 95 89 75 97 142 318 169 202 122 89 14 88 71 161 78 56 9 145 14 190 16 125 105 205 94 8 1 15 14 170 414 417 430 437 440 443 445 458 461 462 462 469 471 473 490 
410 402 395 386 400 383 377 381 317 366 316 382 267 299 339 351 323 239 287 325 219 164 303 300 252 170 235 248 252 323 276 329 164 171 121 235 205 163 220 172 228 217 210 24 111 161 281 138 253 219 247 74 153 109 59 95 89 75 97 142 318 169 202 122 89 14 88 71 161 78 56 9 145 14 190 16 125 105 205 94 8 1 15 14 413 414 417 430 437 440 443 445 458 461 462 462 469 471 473 490 
402 400 395 386 366 383 377 381 317 325 316 382 267 299 339 351 323 239 287 228 219 164 303 300 252 170 235 248 252 323 276 329 164 171 121 235 205 163 220 172 15 217 210 24 111 161 281 138 253 219 247 74 153 109 59 95 89 75 97 142 318 169 202 122 89 14 88 71 161 78 56 9 145 14 190 16 125 105 205 94 8 1 14 410 413 414 417 430 437 440 443 445 458 461 462 462 469 471 473 490 
400 386 395 381 366 383 377 351 317 325 316 382 267 299 339 329 323 239 287 228 219 164 303 300 252 170 235 248 252 323 276 122 164 171 121 235 205 163 220 172 15 217 210 24 111 161 281 138 253 219 247 74 153 109 59 95 89 75 97 142 318 169 202 14 89 14 88 71 161 78 56 9 145 14 190 16 125 105 205 94 8 1 402 410 413 414 417 430 437 440 443 445 458 461 462 462 469 471 473 490 
395 386 383 381 366 382 377 351 317 325 316 300 267 299 339 329 323 239 287 228 219 164 303 253 252 170 235 248 252 323 276 122 164 171 121 235 205 163 220 172 15 217 210 24 111 161 281 138 1 219 247 74 153 109 59 95 89 75 97 142 318 169 202 14 89 14 88 71 161 78 56 9 145 14 190 16 125 105 205 94 8 400 402 410 413 414 417 430 437 440 443 445 458 461 462 462 469 471 473 490 
386 381 383 351 366 382 377 329 317 325 316 300 267 299 339 164 323 239 287 228 219 164 303 253 252 170 235 248 252 323 276 122 88 171 121 235 205 163 220 172 15 217 210 24 111 161 281 138 1 219 247 74 153 109 59 95 89 75 97 142 318 169 202 14 89 14 8 71 161 78 56 9 145 14 190 16 125 105 205 94 395 400 402 410 413 414 417 430 437 440 443 445 458 461 462 462 469 471 473 490 
383 381 382 351 366 300 377 329 317 325 316 253 267 299 339 164 323 239 287 228 219 164 303 138 252 170 235 248 252 323 276 122 88 171 121 235 205 163 220 172 15 217 210 24 111 161 281 94 1 219 247 74 153 109 59 95 89 75 97 142 318 169 202 14 89 14 8 71 161 78 56 9 145 14 190 16 125 105 205 386 395 400 402 410 413 414 417 430 437 440 443 445 458 461 462 462 469 471 473 490 
382 381 377 351 366 300 339 329 317 325 316 253 267 299 323 164 323 239 287 228 219 164 303 138 252 170 235 248 252 318 276 122 88 171 121 235 205 163 220 172 15 217 210 24 111 161 281 94 1 219 247 74 153 109 59 95 89 75 97 142 205 169 202 14 89 14 8 71 161 78 56 9 145 14 190 16 125 105 383 386 395 400 402 410 413 414 417 430 437 440 443 445 458 461 462 462 469 471 473 490 
381 366 377 351 325 300 339 329 317 228 316 253 267 299 323 164 323 239 287 172 219 164 303 138 252 170 235 248 252 318 276 122 88 171 121 235 205 163 220 105 15 217 210 24 111 161 281 94 1 219 247 74 153 109 59 95 89 75 97 142 205 169 202 14 89 14 8 71 161 78 56 9 145 14 190 16 125 382 383 386 395 400 402 410 413 414 417 430 437 440 443 445 458 461 462 462 469 471 473 490 
377 366 339 351 325 300 323 329 317 228 316 253 267 299 318 164 323 239 287 172 219 164 303 138 252 170 235 248 252 205 276 122 88 171 121 235 205 163 220 105 15 217 210 24 111 161 281 94 1 219 247 74 153 109 59 95 89 75 97 142 125 169 202 14 89 14 8 71 161 78 56 9 145 14 190 16 381 382 383 386 395 400 402 410 413 414 417 430 437 440 443 445 458 461 462 462 469 471 473 490 
366 351 339 329 325 300 323 323 317 228 316 253 267 299 318 164 171 239 287 172 219 164 303 138 252 170 235 248 252 205 276 122 88 161 121 235 205 163 220 105 15 217 210 24 111 161 281 94 1 219 247 74 153 109 59 95 89 75 97 142 125 169 202 14 89 14 8 71 16 78 56 9 145 14 190 377 381 382 383 386 395 400 402 410 413 414 417 430 437 440 443 445 458 461 462 462 469 471 473 490 
351 329 339 323 325 300 323 190 317 228 316 253 267 299 318 164 171 239 287 172 219 164 303 138 252 170 235 248 252 205 276 122 88 161 121 235 205 163 220 105 15 217 210 24 111 161 281 94 1 219 247 74 153 109 59 95 89 75 97 142 125 169 202 14 89 14 8 71 16 78 56 9 145 14 366 377 381 382 383 386 395 400 402 410 413 414 417 430 437 440 443 445 458 461 462 462 469 471 473 490 
339 329 323 323 325 300 318 190 317 228 316 253 267 299 276 164 171 239 287 172 219 164 303 138 252 170 235 248 252 205 202 122 88 161 121 235 205 163 220 105 15 217 210 24 111 161 281 94 1 219 247 74 153 109 59 95 89 75 97 142 125 169 14 14 89 14 8 71 16 78 56 9 145 351 366 377 381 382 383 386 395 400 402 410 413 414 417 430 437 440 443 445 458 461 462 462 469 471 473 490 
329 325 323 323 316 300 318 190 317 228 303 253 267 299 276 164 171 239 287 172 219 164 281 138 252 170 235 248 252 205 202 122 88 161 121 235 205 163 220 105 15 217 210 24 111 161 145 94 1 219 247 74 153 109 59 95 89 75 97 142 125 169 14 14 89 14 8 71 16 78 56 9 339 351 366 377 381 382 383 386 395 400 402 410 413 414 417 430 437 440 443 445 458 461 462 462 469 471 473 490 
325 323 323 317 316 300 318 190 287 228 303 253 267 299 276 164 171 239 220 172 219 164 281 138 252 170 235 248 252 205 202 122 88 161 121 235 205 163 9 105 15 217 210 24 111 161 145 94 1 219 247 74 153 109 59 95 89 75 97 142 125 169 14 14 89 14 8 71 16 78 56 329 339 351 366 377 381 382 383 386 395 400 402 410 413 414 417 430 437 440 443 445 458 461 462 462 469 471 473 490 
323 317 323 287 316 300 318 190 239 228 303 253 267 299 276 164 171 235 220 172 219 164 281 138 252 170 235 248 252 205 202 122 88 161 121 56 205 163 9 105 15 217 210 24 111 161 145 94 1 219 247 74 153 109 59 95 89 75 97 142 125 169 14 14 89 14 8 71 16 78 325 329 339 351 366 377 381 382 383 386 395 400 402 410 413 414 417 430 437 440 443 445 458 461 462 462 469 471 473 490 
323 317 318 287 316 300 299 190 239 228 303 253 267 252 276 164 171 235 220 172 219 164 281 138 252 170 235 248 97 205 202 122 88 161 121 56 205 163 9 105 15 217 210 24 111 161 145 94 1 219 247 74 153 109 59 95 89 75 78 142 125 169 14 14 89 14 8 71 16 323 325 329 339 351 366 377 381 382 383 386 395 400 402 410 413 414 417 430 437 440 443 445 458 461 462 462 469 471 473 490 
318 317 300 287 316 267 299 190 239 228 303 253 235 252 276 164 171 235 220 172 219 164 281 138 252 170 109 248 97 205 202 122 88 161 121 56 205 163 9 105 15 217 210 24 111 161 145 94 1 219 247 74 153 16 59 95 89 75 78 142 125 169 14 14 89 14 8 71 323 323 325 329 339 351 366 377 381 382 383 386 395 400 402 410 413 414 417 430 437 440 443 445 458 461 462 462 469 471 473 490 
317 316 300 287 303 267 299 190 239 228 281 253 235 252 276 164 171 235 220 172 219 164 161 138 252 170 109 248 97 205 202 122 88 161 121 56 205 163 9 105 15 217 210 24 111 71 145 94 1 219 247 74 153 16 59 95 89 75 78 142 125 169 14 14 89 14 8 318 323 323 325 329 339 351 366 377 381 382 383 386 395 400 402 410 413 414 417 430 437 440 443 445 458 461 462 462 469 471 473 490 
316 303 300 287 281 267 299 190 239 228 164 253 235 252 276 164 171 235 220 172 219 111 161 138 252 170 109 248 97 205 202 122 88 161 121 56 205 163 9 105 15 217 210 24 8 71 145 94 1 219 247 74 153 16 59 95 89 75 78 142 125 169 14 14 89 14 317 318 323 323 325 329 339 351 366 377 381 382 383 386 395 400 402 410 413 414 417 430 437 440 443 445 458 461 462 462 469 471 473 490 
303 287 300 239 281 267 299 190 235 228 164 253 235 252 276 164 171 205 220 172 219 111 161 138 252 170 109 248 97 205 202 122 88 161 121 56 14 163 9 105 15 217 210 24 8 71 145 94 1 219 247 74 153 16 59 95 89 75 78 142 125 169 14 14 89 316 317 318 323 323 325 329 339 351 366 377 381 382 383 386 395 400 402 410 413 414 417 430 437 440 443 445 458 461 462 462 469 471 473 490 
300 287 299 239 281 267 276 190 235 228 164 253 235 252 205 164 171 205 220 172 219 111 161 138 252 170 109 248 97 142 202 122 88 161 121 56 14 163 9 105 15 217 210 24 8 71 145 94 1 219 247 74 153 16 59 95 89 75 78 89 125 169 14 14 303 316 317 318 323 323 325 329 339 351 366 377 381 382 383 386 395 400 402 410 413 414 417 430 437 440 443 445 458 461 462 462 469 471 473 490 
299 287 276 239 281 267 252 190 235 228 164 253 235 248 205 164 171 205 220 172 219 111 161 138 252 170 109 95 97 142 202 122 88 161 121 56 14 163 9 105 15 217 210 24 8 71 145 94 1 219 247 74 153 16 59 14 89 75 78 89 125 169 14 300 303 316 317 318 323 323 325 329 339 351 366 377 381 382 383 386 395 400 402 410 413 414 417 430 437 440 443 445 458 461 462 462 469 471 473 490 
287 281 276 239 228 267 252 190 235 219 164 253 235 248 205 164 171 205 220 172 217 111 161 138 252 170 109 95 97 142 202 122 88 161 121 56 14 163 9 105 15 14 210 24 8 71 145 94 1 219 247 74 153 16 59 14 89 75 78 89 125 169 299 300 303 316 317 318 323 323 325 329 339 351 366 377 381 382 383 386 395 400 402 410 413 414 417 430 437 440 443 445 458 461 462 462 469 471 473 490 
281 239 276 235 228 267 252 190 220 219 164 253 235 248 205 164 171 205 169 172 217 111 161 138 252 170 109 95 97 142 202 122 88 161 121 56 14 163 9 105 15 14 210 24 8 71 145 94 1 219 247 74 153 16 59 14 89 75 78 89 125 287 299 300 303 316 317 318 323 323 325 329 339 351 366 377 381 382 383 386 395 400 402 410 413 414 417 430 437 440 443 445 458 461 462 462 469 471 473 490 
276 239 267 235 228 253 252 190 220 219 164 252 235 248 205 164 171 205 169 172 217 111 161 138 247 170 109 95 97 142 202 122 88 161 121 56 14 163 9 105 15 14 210 24 8 71 145 94 1 219 125 74 153 16 59 14 89 75 78 89 281 287 299 300 303 316 317 318 323 323 325 329 339 351 366 377 381 382 383 386 395 400 402 410 413 414 417 430 437 440 443 445 458 461 462 462 469 471 473 490 
267 239 253 235 228 252 252 190 220 219 164 247 235 248 205 164 171 205 169 172 217 111 161 138 219 170 109 95 97 142 202 122 88 161 121 56 14 163 9 105 15 14 210 24 8 71 145 94 1 89 125 74 153 16 59 14 89 75 78 276 281 287 299 300 303 316 317 318 323 323 325 329 339 351 366 377 381 382 383 386 395 400 402 410 413 414 417 430 437 440 443 445 458 461 462 462 469 471 473 490 
253 239 252 235 228 247 252 190 220 219 164 219 235 248 205 164 171 205 169 172 217 111 161 138 125 170 109 95 97 142 202 122 88 161 121 56 14 163 9 105 15 14 210 24 8 71 145 94 1 89 78 74 153 16 59 14 89 75 267 276 281 287 299 300 303 316 317 318 323 323 325 329 339 351 366 377 381 382 383 386 395 400 402 410 413 414 417 430 437 440 443 445 458 461 462 462 469 471 473 490 
252 239 252 235 228 247 248 190 220 219 164 219 235 97 205 164 171 205 169 172 217 111 161 138 125 170 109 95 75 142 202 122 88 161 121 56 14 163 9 105 15 14 210 24 8 71 145 94 1 89 78 74 153 16 59 14 89 253 267 276 281 287 299 300 303 316 317 318 323 323 325 329 339 351 366 377 381 382 383 386 395 400 402 410 413 414 417 430 437 440 443 445 458 461 462 462 469 471 473 490 
252 239 248 235 228 247 205 190 220 219 164 219 235 97 202 164 171 205 169 172 217 111 161 138 125 170 109 95 75 142 89 122 88 161 121 56 14 163 9 105 15 14 210 24 8 71 145 94 1 89 78 74 153 16 59 14 252 253 267 276 281 287 299 300 303 316 317 318 323 323 325 329 339 351 366 377 381 382 383 386 395 400 402 410 413 414 417 430 437 440 443 445 458 461 462 462 469 471 473 490 
248 239 247 235 228 235 205 190 220 219 164 219 170 97 202 164 171 205 169 172 217 111 161 138 125 153 109 95 75 142 89 122 88 161 121 56 14 163 9 105 15 14 210 24 8 71 145 94 1 89 78 74 14 16 59 252 252 253 267 276 281 287 299 300 303 316 317 318 323 323 325 329 339 351 366 377 381 382 383 386 395 400 402 410 413 414 417 430 437 440 443 445 458 461 462 462 469 471 473 490 
247 239 235 235 228 219 205 190 220 219 164 138 170 97 202 164 171 205 169 172 217 111 161 94 125 153 109 95 75 142 89 122 88 161 121 56 14 163 9 105 15 14 210 24 8 71 145 59 1 89 78 74 14 16 248 252 252 253 267 276 281 287 299 300 303 316 317 318 323 323 325 329 339 351 366 377 381 382 383 386 395 400 402 410 413 414 417 430 437 440 443 445 458 461 462 462 469 471 473 490 
239 235 235 220 228 219 205 190 205 219 164 138 170 97 202 164 171 56 169 172 217 111 161 94 125 153 109 95 75 142 89 122 88 161 121 16 14 163 9 105 15 14 210 24 8 71 145 59 1 89 78 74 14 247 248 252 252 253 267 276 281 287 299 300 303 316 317 318 323 323 325 329 339 351 366 377 381 382 383 386 395 400 402 410 413 414 417 430 437 440 443 445 458 461 462 462 469 471 473 490 
235 228 235 220 219 219 205 190 205 217 164 138 170 97 202 164 171 56 169 172 210 111 161 94 125 153 109 95 75 142 89 122 88 161 121 16 14 163 9 105 15 14 14 24 8 71 145 59 1 89 78 74 239 247 248 252 252 253 267 276 281 287 299 300 303 316 317 318 323 323 325 329 339 351 366 377 381 382 383 386 395 400 402 410 413 414 417 430 437 440 443 445 458 461 462 462 469 471 473 490 
235 228 219 220 219 170 205 190 205 217 164 138 153 97 202 164 171 56 169 172 210 111 161 94 125 74 109 95 75 142 89 122 88 161 121 16 14 163 9 105 15 14 14 24 8 71 145 59 1 89 78 235 239 247 248 252 252 253 267 276 281 287 299 300 303 316 317 318 323 323 325 329 339 351 366 377 381 382 383 386 395 400 402 410 413 414 417 430 437 440 443 445 458 461 462 462 469 471 473 490 
228 220 219 205 219 170 205 190 169 217 164 138 153 97 202 164 171 56 163 172 210 111 161 94 125 74 109 95 75 142 89 122 88 161 121 16 14 78 9 105 15 14 14 24 8 71 145 59 1 89 235 235 239 247 248 252 252 253 267 276 281 287 299 300 303 316 317 318 323 323 325 329 339 351 366 377 381 382 383 386 395 400 402 410 413 414 417 430 437 440 443 445 458 461 462 462 469 471 473 490 
220 219 219 205 217 170 205 190 169 210 164 138 153 97 202 164 171 56 163 172 89 111 161 94 125 74 109 95 75 142 89 122 88 161 121 16 14 78 9 105 15 14 14 24 8 71 145 59 1 228 235 235 239 247 248 252 252 253 267 276 281 287 299 300 303 316 317 318 323 323 325 329 339 351 366 377 381 382 383 386 395 400 402 410 413 414 417 430 437 440 443 445 458 461 462 462 469 471 473 490 
219 217 219 205 210 170 205 190 169 172 164 138 153 97 202 164 171 56 163 105 89 111 161 94 125 74 109 95 75 142 89 122 88 161 121 16 14 78 9 1 15 14 14 24 8 71 145 59 220 228 235 235 239 247 248 252 252 253 267 276 281 287 299 300 303 316 317 318 323 323 325 329 339 351 366 377 381 382 383 386 395 400 402 410 413 414 417 430 437 440 443 445 458 461 462 462 469 471 473 490 
219 217 205 205 210 170 202 190 169 172 164 138 153 97 142 164 171 56 163 105 89 111 161 94 125 74 109 95 75 59 89 122 88 161 121 16 14 78 9 1 15 14 14 24 8 71 145 219 220 228 235 235 239 247 248 252 252 253 267 276 281 287 299 300 303 316 317 318 323 323 325 329 339 351 366 377 381 382 383 386 395 400 402 410 413 414 417 430 437 440 443 445 458 461 462 462 469 471 473 490 
217 210 205 205 172 170 202 190 169 145 164 138 153 97 142 164 171 56 163 105 89 111 161 94 125 74 109 95 75 59 89 122 88 161 121 16 14 78 9 1 15 14 14 24 8 71 219 219 220 228 235 235 239 247 248 252 252 253 267 276 281 287 299 300 303 316 317 318 323 323 325 329 339 351 366 377 381 382 383 386 395 400 402 410 413 414 417 430 437 440 443 445 458 461 462 462 469 471 473 490 
210 205 205 190 172 170 202 171 169 145 164 138 153 97 142 164 161 56 163 105 89 111 161 94 125 74 109 95 75 59 89 122 88 71 121 16 14 78 9 1 15 14 14 24 8 217 219 219 220 228 235 235 239 247 248 252 252 253 267 276 281 287 299 300 303 316 317 318 323 323 325 329 339 351 366 377 381 382 383 386 395 400 402 410 413 414 417 430 437 440 443 445 458 461 462 462 469 471 473 490 
205 190 205 171 172 170 202 164 169 145 164 138 153 97 142 122 161 56 163 105 89 111 161 94 125 74 109 95 75 59 89 8 88 71 121 16 14 78 9 1 15 14 14 24 210 217 219 219 220 228 235 235 239 247 248 252 252 253 267 276 281 287 299 300 303 316 317 318 323 323 325 329 339 351 366 377 381 382 383 386 395 400 402 410 413 414 417 430 437 440 443 445 458 461 462 462 469 471 473 490 
205 190 202 171 172 170 142 164 169 145 164 138 153 97 89 122 161 56 163 105 89 111 161 94 125 74 109 95 75 59 24 8 88 71 121 16 14 78 9 1 15 14 14 205 210 217 219 219 220 228 235 235 239 247 248 252 252 253 267 276 281 287 299 300 303 316 317 318 323 323 325 329 339 351 366 377 381 382 383 386 395 400 402 410 413 414 417 430 437 440 443 445 458 461 462 462 469 471 473 490 
202 190 170 171 172 153 142 164 169 145 164 138 109 97 89 122 161 56 163 105 89 111 161 94 125 74 14 95 75 59 24 8 88 71 121 16 14 78 9 1 15 14 205 205 210 217 219 219 220 228 235 235 239 247 248 252 252 253 267 276 281 287 299 300 303 316 317 318 323 323 325 329 339 351 366 377 381 382 383 386 395 400 402 410 413 414 417 430 437 440 443 445 458 461 462 462 469 471 473 490 
190 172 170 171 164 153 142 164 169 145 161 138 109 97 89 122 161 56 163 105 89 111 14 94 125 74 14 95 75 59 24 8 88 71 121 16 14 78 9 1 15 202 205 205 210 217 219 219 220 228 235 235 239 247 248 252 252 253 267 276 281 287 299 300 303 316 317 318 323 323 325 329 339 351 366 377 381 382 383 386 395 400 402 410 413 414 417 430 437 440 443 445 458 461 462 462 469 471 473 490 
172 171 170 169 164 153 142 164 163 145 161 138 109 97 89 122 161 56 78 105 89 111 14 94 125 74 14 95 75 59 24 8 88 71 121 16 14 15 9 1 190 202 205 205 210 217 219 219 220 228 235 235 239 247 248 252 252 253 267 276 281 287 299 300 303 316 317 318 323 323 325 329 339 351 366 377 381 382 383 386 395 400 402 410 413 414 417 430 437 440 443 445 458 461 462 462 469 471 473 490 
171 169 170 164 164 153 142 161 163 145 161 138 109 97 89 122 121 56 78 105 89 111 14 94 125 74 14 95 75 59 24 8 88 71 1 16 14 15 9 172 190 202 205 205 210 217 219 219 220 228 235 235 239 247 248 252 252 253 267 276 281 287 299 300 303 316 317 318 323 323 325 329 339 351 366 377 381 382 383 386 395 400 402 410 413 414 417 430 437 440 443 445 458 461 462 462 469 471 473 490 
170 169 153 164 164 138 142 161 163 145 161 125 109 97 89 122 121 56 78 105 89 111 14 94 9 74 14 95 75 59 24 8 88 71 1 16 14 15 171 172 190 202 205 205 210 217 219 219 220 228 235 235 239 247 248 252 252 253 267 276 281 287 299 300 303 316 317 318 323 323 325 329 339 351 366 377 381 382 383 386 395 400 402 410 413 414 417 430 437 440 443 445 458 461 462 462 469 471 473 490 
169 164 153 163 164 138 142 161 78 145 161 125 109 97 89 122 121 56 15 105 89 111 14 94 9 74 14 95 75 59 24 8 88 71 1 16 14 170 171 172 190 202 205 205 210 217 219 219 220 228 235 235 239 247 248 252 252 253 267 276 281 287 299 300 303 316 317 318 323 323 325 329 339 351 366 377 381 382 383 386 395 400 402 410 413 414 417 430 437 440 443 445 458 461 462 462 469 471 473 490 
164 164 153 163 161 138 142 161 78 145 111 125 109 97 89 122 121 56 15 105 89 14 14 94 9 74 14 95 75 59 24 8 88 71 1 16 169 170 171 172 190 202 205 205 210 217 219 219 220 228 235 235 239 247 248 252 252 253 267 276 281 287 299 300 303 316 317 318 323 323 325 329 339 351 366 377 381 382 383 386 395 400 402 410 413 414 417 430 437 440 443 445 458 461 462 462 469 471 473 490 
164 163 153 161 161 138 142 122 78 145 111 125 109 97 89 88 121 56 15 105 89 14 14 94 9 74 14 95 75 59 24 8 16 71 1 164 169 170 171 172 190 202 205 205 210 217 219 219 220 228 235 235 239 247 248 252 252 253 267 276 281 287 299 300 303 316 317 318 323 323 325 329 339 351 366 377 381 382 383 386 395 400 402 410 413 414 417 430 437 440 443 445 458 461 462 462 469 471 473 490 
163 161 153 122 161 138 142 121 78 145 111 125 109 97 89 88 71 56 15 105 89 14 14 94 9 74 14 95 75 59 24 8 16 1 164 164 169 170 171 172 190 202 205 205 210 217 219 219 220 228 235 235 239 247 248 252 252 253 267 276 281 287 299 300 303 316 317 318 323 323 325 329 339 351 366 377 381 382 383 386 395 400 402 410 413 414 417 430 437 440 443 445 458 461 462 462 469 471 473 490 
161 161 153 122 145 138 142 121 78 105 111 125 109 97 89 88 71 56 15 1 89 14 14 94 9 74 14 95 75 59 24 8 16 163 164 164 169 170 171 172 190 202 205 205 210 217 219 219 220 228 235 235 239 247 248 252 252 253 267 276 281 287 299 300 303 316 317 318 323 323 325 329 339 351 366 377 381 382 383 386 395 400 402 410 413 414 417 430 437 440 443 445 458 461 462 462 469 471 473 490 
161 145 153 122 111 138 142 121 78 105 16 125 109 97 89 88 71 56 15 1 89 14 14 94 9 74 14 95 75 59 24 8 161 163 164 164 169 170 171 172 190 202 205 205 210 217 219 219 220 228 235 235 239 247 248 252 252 253 267 276 281 287 299 300 303 316 317 318 323 323 325 329 339 351 366 377 381 382 383 386 395 400 402 410 413 414 417 430 437 440 443 445 458 461 462 462 469 471 473 490 
153 145 142 122 111 138 97 121 78 105 16 125 109 95 89 88 71 56 15 1 89 14 14 94 9 74 14 8 75 59 24 161 161 163 164 164 169 170 171 172 190 202 205 205 210 217 219 219 220 228 235 235 239 247 248 252 252 253 267 276 281 287 299 300 303 316 317 318 323 323 325 329 339 351 366 377 381 382 383 386 395 400 402 410 413 414 417 430 437 440 443 445 458 461 462 462 469 471 473 490 
145 122 142 121 111 138 97 88 78 105 16 125 109 95 89 24 71 56 15 1 89 14 14 94 9 74 14 8 75 59 153 161 161 163 164 164 169 170 171 172 190 202 205 205 210 217 219 219 220 228 235 235 239 247 248 252 252 253 267 276 281 287 299 300 303 316 317 318 323 323 325 329 339 351 366 377 381 382 383 386 395 400 402 410 413 414 417 430 437 440 443 445 458 461 462 462 469 471 473 490 
142 122 138 121 111 125 97 88 78 105 16 94 109 95 89 24 71 56 15 1 89 14 14 59 9 74 14 8 75 145 153 161 161 163 164 164 169 170 171 172 190 202 205 205 210 217 219 219 220 228 235 235 239 247 248 252 252 253 267 276 281 287 299 300 303 316 317 318 323 323 325 329 339 351 366 377 381 382 383 386 395 400 402 410 413 414 417 430 437 440 443 445 458 461 462 462 469 471 473 490 
138 122 125 121 111 109 97 88 78 105 16 94 75 95 89 24 71 56 15 1 89 14 14 59 9 74 14 8 142 145 153 161 161 163 164 164 169 170 171 172 190 202 205 205 210 217 219 219 220 228 235 235 239 247 248 252 252 253 267 276 281 287 299 300 303 316 317 318 323 323 325 329 339 351 366 377 381 382 383 386 395 400 402 410 413 414 417 430 437 440 443 445 458 461 462 462 469 471 473 490 
125 122 109 121 111 94 97 88 78 105 16 59 75 95 89 24 71 56 15 1 89 14 14 8 9 74 14 138 142 145 153 161 161 163 164 164 169 170 171 172 190 202 205 205 210 217 219 219 220 228 235 235 239 247 248 252 252 253 267 276 281 287 299 300 303 316 317 318 323 323 325 329 339 351 366 377 381 382 383 386 395 400 402 410 413 414 417 430 437 440 443 445 458 461 462 462 469 471 473 490 
122 121 109 88 111 94 97 71 78 105 16 59 75 95 89 24 14 56 15 1 89 14 14 8 9 74 125 138 142 145 153 161 161 163 164 164 169 170 171 172 190 202 205 205 210 217 219 219 220 228 235 235 239 247 248 252 252 253 267 276 281 287 299 300 303 316 317 318 323 323 325 329 339 351 366 377 381 382 383 386 395 400 402 410 413 414 417 430 437 440 443 445 458 461 462 462 469 471 473 490 
121 111 109 88 105 94 97 71 78 89 16 59 75 95 89 24 14 56 15 1 74 14 14 8 9 122 125 138 142 145 153 161 161 163 164 164 169 170 171 172 190 202 205 205 210 217 219 219 220 228 235 235 239 247 248 252 252 253 267 276 281 287 299 300 303 316 317 318 323 323 325 329 339 351 366 377 381 382 383 386 395 400 402 410 413 414 417 430 437 440 443 445 458 461 462 462 469 471 473 490 
111 105 109 88 89 94 97 71 78 74 16 59 75 95 89 24 14 56 15 1 9 14 14 8 121 122 125 138 142 145 153 161 161 163 164 164 169 170 171 172 190 202 205 205 210 217 219 219 220 228 235 235 239 247 248 252 252 253 267 276 281 287 299 300 303 316 317 318 323 323 325 329 339 351 366 377 381 382 383 386 395 400 402 410 413 414 417 430 437 440 443 445 458 461 462 462 469 471 473 490 
109 105 97 88 89 94 95 71 78 74 16 59 75 8 89 24 14 56 15 1 9 14 14 111 121 122 125 138 142 145 153 161 161 163 164 164 169 170 171 172 190 202 205 205 210 217 219 219 220 228 235 235 239 247 248 252 252 253 267 276 281 287 299 300 303 316 317 318 323 323 325 329 339 351 366 377 381 382 383 386 395 400 402 410 413 414 417 430 437 440 443 445 458 461 462 462 469 471 473 490 
105 89 97 88 74 94 95 71 78 14 16 59 75 8 89 24 14 56 15 1 9 14 109 111 121 122 125 138 142 145 153 161 161 163 164 164 169 170 171 172 190 202 205 205 210 217 219 219 220 228 235 235 239 247 248 252 252 253 267 276 281 287 299 300 303 316 317 318 323 323 325 329 339 351 366 377 381 382 383 386 395 400 402 410 413 414 417 430 437 440 443 445 458 461 462 462 469 471 473 490 
97 89 95 88 74 94 89 71 78 14 16 59 75 8 14 24 14 56 15 1 9 105 109 111 121 122 125 138 142 145 153 161 161 163 164 164 169 170 171 172 190 202 205 205 210 217 219 219 220 228 235 235 239 247 248 252 252 253 267 276 281 287 299 300 303 316 317 318 323 323 325 329 339 351 366 377 381 382 383 386 395 400 402 410 413 414 417 430 437 440 443 445 458 461 462 462 469 471 473 490 
95 89 94 88 74 75 89 71 78 14 16 59 9 8 14 24 14 56 15 1 97 105 109 111 121 122 125 138 142 145 153 161 161 163 164 164 169 170 171 172 190 202 205 205 210 217 219 219 220 228 235 235 239 247 248 252 252 253 267 276 281 287 299 300 303 316 317 318 323 323 325 329 339 351 366 377 381 382 383 386 395 400 402 410 413 414 417 430 437 440 443 445 458 461 462 462 469 471 473 490 
94 89 89 88 74 75 14 71 78 14 16 59 9 8 1 24 14 56 15 95 97 105 109 111 121 122 125 138 142 145 153 161 161 163 164 164 169 170 171 172 190 202 205 205 210 217 219 219 220 228 235 235 239 247 248 252 252 253 267 276 281 287 299 300 303 316 317 318 323 323 325 329 339 351 366 377 381 382 383 386 395 400 402 410 413 414 417 430 437 440 443 445 458 461 462 462 469 471 473 490 
89 88 89 78 74 75 14 71 56 14 16 59 9 8 1 24 14 15 94 95 97 105 109 111 121 122 125 138 142 145 153 161 161 163 164 164 169 170 171 172 190 202 205 205 210 217 219 219 220 228 235 235 239 247 248 252 252 253 267 276 281 287 299 300 303 316 317 318 323 323 325 329 339 351 366 377 381 382 383 386 395 400 402 410 413 414 417 430 437 440 443 445 458 461 462 462 469 471 473 490 
89 88 75 78 74 59 14 71 56 14 16 15 9 8 1 24 14 89 94 95 97 105 109 111 121 122 125 138 142 145 153 161 161 163 164 164 169 170 171 172 190 202 205 205 210 217 219 219 220 228 235 235 239 247 248 252 252 253 267 276 281 287 299 300 303 316 317 318 323 323 325 329 339 351 366 377 381 382 383 386 395 400 402 410 413 414 417 430 437 440 443 445 458 461 462 462 469 471 473 490 
88 78 75 71 74 59 14 24 56 14 16 15 9 8 1 14 89 89 94 95 97 105 109 111 121 122 125 138 142 145 153 161 161 163 164 164 169 170 171 172 190 202 205 205 210 217 219 219 220 228 235 235 239 247 248 252 252 253 267 276 281 287 299 300 303 316 317 318 323 323 325 329 339 351 366 377 381 382 383 386 395 400 402 410 413 414 417 430 437 440 443 445 458 461 462 462 469 471 473 490 
78 74 75 71 16 59 14 24 56 14 14 15 9 8 1 88 89 89 94 95 97 105 109 111 121 122 125 138 142 145 153 161 161 163 164 164 169 170 171 172 190 202 205 205 210 217 219 219 220 228 235 235 239 247 248 252 252 253 267 276 281 287 299 300 303 316 317 318 323 323 325 329 339 351 366 377 381 382 383 386 395 400 402 410 413 414 417 430 437 440 443 445 458 461 462 462 469 471 473 490 
75 74 59 71 16 15 14 24 56 14 14 1 9 8 78 88 89 89 94 95 97 105 109 111 121 122 125 138 142 145 153 161 161 163 164 164 169 170 171 172 190 202 205 205 210 217 219 219 220 228 235 235 239 247 248 252 252 253 267 276 281 287 299 300 303 316 317 318 323 323 325 329 339 351 366 377 381 382 383 386 395 400 402 410 413 414 417 430 437 440 443 445 458 461 462 462 469 471 473 490 
74 71 59 56 16 15 14 24 8 14 14 1 9 75 78 88 89 89 94 95 97 105 109 111 121 122 125 138 142 145 153 161 161 163 164 164 169 170 171 172 190 202 205 205 210 217 219 219 220 228 235 235 239 247 248 252 252 253 267 276 281 287 299 300 303 316 317 318 323 323 325 329 339 351 366 377 381 382 383 386 395 400 402 410 413 414 417 430 437 440 443 445 458 461 462 462 469 471 473 490 
71 56 59 24 16 15 14 9 8 14 14 1 74 75 78 88 89 89 94 95 97 105 109 111 121 122 125 138 142 145 153 161 161 163 164 164 169 170 171 172 190 202 205 205 210 217 219 219 220 228 235 235 239 247 248 252 252 253 267 276 281 287 299 300 303 316 317 318 323 323 325 329 339 351 366 377 381 382 383 386 395 400 402 410 413 414 417 430 437 440 443 445 458 461 462 462 469 471 473 490 
59 56 15 24 16 1 14 9 8 14 14 71 74 75 78 88 89 89 94 95 97 105 109 111 121 122 125 138 142 145 153 161 161 163 164 164 169 170 171 172 190 202 205 205 210 217 219 219 220 228 235 235 239 247 248 252 252 253 267 276 281 287 299 300 303 316 317 318 323 323 325 329 339 351 366 377 381 382 383 386 395 400 402 410 413 414 417 430 437 440 443 445 458 461 462 462 469 471 473 490 
56 24 15 14 16 1 14 9 8 14 59 71 74 75 78 88 89 89 94 95 97 105 109 111 121 122 125 138 142 145 153 161 161 163 164 164 169 170 171 172 190 202 205 205 210 217 219 219 220 228 235 235 239 247 248 252 252 253 267 276 281 287 299 300 303 316 317 318 323 323 325 329 339 351 366 377 381 382 383 386 395 400 402 410 413 414 417 430 437 440 443 445 458 461 462 462 469 471 473 490 
24 16 15 14 14 1 14 9 8 56 59 71 74 75 78 88 89 89 94 95 97 105 109 111 121 122 125 138 142 145 153 161 161 163 164 164 169 170 171 172 190 202 205 205 210 217 219 219 220 228 235 235 239 247 248 252 252 253 267 276 281 287 299 300 303 316 317 318 323 323 325 329 339 351 366 377 381 382 383 386 395 400 402 410 413 414 417 430 437 440 443 445 458 461 462 462 469 471 473 490 
16 14 15 9 14 1 14 8 24 56 59 71 74 75 78 88 89 89 94 95 97 105 109 111 121 122 125 138 142 145 153 161 161 163 164 164 169 170 171 172 190 202 205 205 210 217 219 219 220 228 235 235 239 247 248 252 252 253 267 276 281 287 299 300 303 316 317 318 323 323 325 329 339 351 366 377 381 382 383 386 395 400 402 410 413 414 417 430 437 440 443 445 458 461 462 462 469 471 473 490 
15 14 14 9 14 1 8 16 24 56 59 71 74 75 78 88 89 89 94 95 97 105 109 111 121 122 125 138 142 145 153 161 161 163 164 164 169 170 171 172 190 202 205 205 210 217 219 219 220 228 235 235 239 247 248 252 252 253 267 276 281 287 299 300 303 316 317 318 323 323 325 329 339 351 366 377 381 382 383 386 395 400 402 410 413 414 417 430 437 440 443 445 458 461 462 462 469 471 473 490 
14 14 14 9 8 1 15 16 24 56 59 71 74 75 78 88 89 89 94 95 97 105 109 111 121 122 125 138 142 145 153 161 161 163 164 164 169 170 171 172 190 202 205 205 210 217 219 219 220 228 235 235 239 247 248 252 252 253 267 276 281 287 299 300 303 316 317 318 323 323 325 329 339 351 366 377 381 382 383 386 395 400 402 410 413 414 417 430 437 440 443 445 458 461 462 462 469 471 473 490 
14 9 14 1 8 14 15 16 24 56 59 71 74 75 78 88 89 89 94 95 97 105 109 111 121 122 125 138 142 145 153 161 161 163 164 164 169 170 171 172 190 202 205 205 210 217 219 219 220 228 235 235 239 247 248 252 252 253 267 276 281 287 299 300 303 316 317 318 323 323 325 329 339 351 366 377 381 382 383 386 395 400 402 410 413 414 417 430 437 440 443 445 458 461 462 462 469 471 473 490 
14 9 8 1 14 14 15 16 24 56 59 71 74 75 78 88 89 89 94 95 97 105 109 111 121 122 125 138 142 145 153 161 161 163 164 164 169 170 171 172 190 202 205 205 210 217 219 219 220 228 235 235 239 247 248 252 252 253 267 276 281 287 299 300 303 316 317 318 323 323 325 329 339 351 366 377 381 382 383 386 395 400 402 410 413 414 417 430 437 440 443 445 458 461 462 462 469 471 473 490 
9 1 8 14 14 14 15 16 24 56 59 71 74 75 78 88 89 89 94 95 97 105 109 111 121 122 125 138 142 145 153 161 161 163 164 164 169 170 171 172 190 202 205 205 210 217 219 219 220 228 235 235 239 247 248 252 252 253 267 276 281 287 299 300 303 316 317 318 323 323 325 329 339 351 366 377 381 382 383 386 395 400 402 410 413 414 417 430 437 440 443 445 458 461 462 462 469 471 473 490 
8 1 9 14 14 14 15 16 24 56 59 71 74 75 78 88 89 89 94 95 97 105 109 111 121 122 125 138 142 145 153 161 161 163 164 164 169 170 171 172 190 202 205 205 210 217 219 219 220 228 235 235 239 247 248 252 252 253 267 276 281 287 299 300 303 316 317 318 323 323 325 329 339 351 366 377 381 382 383 386 395 400 402 410 413 414 417 430 437 440 443 445 458 461 462 462 469 471 473 490 
1 8 9 14 14 14 15 16 24 56 59 71 74 75 78 88 89 89 94 95 97 105 109 111 121 122 125 138 142 145 153 161 161 163 164 164 169 170 171 172 190 202 205 205 210 217 219 219 220 228 235 235 239 247 248 252 252 253 267 276 281 287 299 300 303 316 317 318 323 323 325 329 339 351 366 377 381 382 383 386 395 400 402 410 413 414 417 430 437 440 443 445 458 461 462 462 469 471 473 490 
1 8 9 14 14 14 15 16 24 56 59 71 74 75 78 88 89 89 94 95 97 105 109 111 121 122 125 138 142 145 153 161 161 163 164 164 169 170 171 172 190 202 205 205 210 217 219 219 220 228 235 235 239 247 248 252 252 253 267 276 281 287 299 300 303 316 317 318 323 323 325 329 339 351 366 377 381 382 383 386 395 400 402 410 413 414 417 430 437 440 443 445 458 461 462 462 469 471 473 490 
